2 0.3765625 0.5625 0.2125 0.1125
2 0.4203125 0.48046875 0.15703125 0.0625
6 0.57890625 0.68515625 0.83828125 0.521875
5 0.81875 0.3796875 0.19140625 0.3390625
5 0.58125 0.3578125 0.0640625 0.10390625
5 0.12890625 0.26953125 0.06875 0.05078125
5 0.85546875 0.40703125 0.15703125 0.17265625
5 0.65390625 0.340625 0.05625 0.09921875
5 0.7265625 0.35390625 0.05703125 0.09765625
5 0.06875 0.39375 0.13671875 0.19765625
5 0.31640625 0.42265625 0.25390625 0.2375
5 0.45546875 0.3546875 0.08125 0.084375
5 0.215625 0.54921875 0.43125 0.4921875
0 0.41796875 0.653125 0.19296875 0.0859375