6 0.48125 0.56328125 0.48671875 0.21640625
1 0.11796875 0.7734375 0.21796875 0.1671875
1 0.82734375 0.8078125 0.22578125 0.14296875
3 0.384375 0.5359375 0.2234375 0.13359375
3 0.59921875 0.5484375 0.1921875 0.146875
3 0.421875 0.4765625 0.13125 0.08203125
3 0.56484375 0.49140625 0.14140625 0.084375
5 0.60625 0.35 0.0546875 0.07734375
5 0.21796875 0.571875 0.43125 0.44140625
5 0.41328125 0.390625 0.06875 0.09140625
5 0.584375 0.41640625 0.11484375 0.10625
5 0.5640625 0.346875 0.0328125 0.0359375
5 0.51953125 0.35390625 0.0203125 0.0328125
5 0.69921875 0.6140625 0.515625 0.45546875
5 0.4390625 0.33671875 0.03359375 0.028125